35 3
36 3
36 3
36 3
37 3
37 4
37 4
37 5
37 4
39 4
40 4
41 5
42 6
42 7
44 11
45 6
45 6
46 4
48 4
49 3
50 4
50 3
50 8
50 2
52 3
53 3
53 4
54 4
55 11
55 4
55 4
56 4
56 4
57 4
57 4
58 8
60 4
60 4
61 4
62 8
71 6
73 4
74 4
74 4
75 71
76 4
76 5
77 5
77 4
77 5
78 4
79 10
80 4
80 5
80 4
81 25
81 5
82 6
83 7
84 6
85 5
86 7
89 4
90 7
91 8
93 8
128 8
148 5
158 4
162 5
164 5
165 5
168 4
170 19
174 5
176 7
176 5
177 5
178 8
178 4
179 6
179 6
179 8
180 6
180 7
181 8
181 5
183 7
183 6
183 7
184 13
185 7
189 6
193 7
193 10
196 7
196 7
196 8
223 6
260 7
2680 9
2719 7
2732 9
2873 8
2906 11
2970 11
3006 5
3017 11
3061 12
3080 5
3084 5
3111 5
3681 4
3856 4
6863 11
7093 13
7108 14
7303 14
7657 11
8219 6
8574 6
8599 9
8726 5
8776 5
9020 6
9465 5
9936 5
10218 5
11354 4
14951 22
15226 14
15323 12
15351 6
15497 22
15588 15
15616 26
15827 5
15854 13
16244 20
16297 6
16433 19
16521 4
16556 5
16865 6
17052 18
17128 32
17238 5
17654 5
17722 7
17775 5
18565 71
18593 21
19092 6
19516 5
20667 5
21534 5
27107 9
27136 10
27605 6
28073 7
28384 6
28524 6
28819 14
29450 10
29646 22
30063 11
31878 6
32793 15
34853 9
35641 7
38590 52
39707 5
71725 13
72097 21
73930 13
74789 8
75141 19
78519 8
78524 21
82612 8
82887 8
83306 9
83555 6
83883 21
84139 7
85754 256
87849 10
88190 7
101442 6
107126 7
108034 7
122835 7
296295 9
300546 11
305635 21
320469 17
326989 16
384883 10
435461 8
439985 8
